10000  229649
10500  214213
11000  246674
11500  248774
12000  253584
12500  269874
13000  291897
13500  304854
14000  310060
14500  315789
15000  337819
15500  340681
16000  358851
16500  367511
17000  394569
17500  419144
18000  416398
18500  447377
19000  426168
19500  477887
20000  456406
20500  479520
21000  497295
21500  531312
22000  530126
22500  545192
23000  563383
23500  586012
24000  564534
24500  557352
25000  573270
25500  603454
26000  611623
26500  643310
27000  666756
27500  695903
28000  653486
28500  678333
29000  707390
29500  697338
30000  780320
30500  734338
31000  785386
31500  767798
32000  761938
32500  806299
33000  796328
33500  830068
34000  854023
34500  859109
35000  845144
35500  858646
36000  872076
36500  937346
37000  924967
37500  927531
38000  947470
38500  965877
39000  976465
39500  981289
40000  955590
40500  1027455
41000  1027598
41500  1004294
42000  1077553
42500  1098876
43000  1066574
43500  1136223
44000  1108106
44500  1146596
45000  1119808
45500  1152317
46000  1134515
46500  1171391
47000  1195331
47500  1200072
48000  1215019
48500  1224205
49000  1253006
49500  1215387
50000  1272882
50500  1267209
51000  1291282
51500  1299556
52000  1326956
52500  1313523
53000  1334016
53500  1377704
54000  1363977
54500  1409728
55000  1402298
55500  1397331
56000  1447295
56500  1473100
57000  1469721
57500  1578560
58000  1507155
58500  1494407
59000  1519057
59500  1539224
60000  1558900
60500  1574521
61000  1555357
61500  1569167
62000  1634623
62500  1640778
63000  1620729
63500  1660944
64000  1626320
64500  1714230
65000  1713932
65500  1799481
66000  1748249
66500  1825847
67000  1796961
67500  1761320
68000  1781466
68500  1831293
69000  1859506
69500  1870335
70000  1813287
70500  1974742
71000  1868322
71500  1840487
72000  1874172
72500  1869345
73000  1936914
73500  1908960
74000  1914896
74500  1954157
75000  1976960
75500  2020651
76000  2003553
76500  2008005
77000  2157614
77500  2083088
78000  2053609
78500  2202443
79000  2140749
79500  2077975
80000  2074318
80500  2125846
81000  2134253
81500  2217355
82000  2218940
82500  2222549
83000  2238006
83500  2226767
84000  2315721
84500  2252174
85000  2253081
85500  2325102
86000  2319860
86500  2482807
87000  2352304
87500  2370057
88000  2347583
88500  2407792
89000  2380034
89500  2396407
90000  2500127
90500  2564706
91000  2412095
91500  2472563
92000  2468284
92500  2569086
93000  2491045
93500  2484632
94000  2549669
94500  2716028
95000  2570049
95500  2573291
96000  2598290
96500  2570151
97000  2583458
97500  2604557
98000  2769379
98500  2805591
99000  2729817
99500  2767338
100000  2748551
